(0,0):(0.0,0.0)
(-1,0):(-45.0,0.0)
(-2,0):(-80.0,0.0)
(-3,0):(-125.0,0.0)
(-4,0):(-160.0,0.0)
(-4,-1):(-160.0,-45.0)
(-3,-1):(-125.0,-45.0)
(-2,-1):(-80.0,-45.0)
(-1,-1):(-45.0,-45.0)
(0,-1):(-10.0,-45.0)
(1,-1):(35.0,-45.0)
(2,-1):(70.0,-45.0)
(3,-1):(105.0,-45.0)
(3,-2):(105.0,-80.0)
(2,-2):(70.0,-80.0)
(1,-2):(25.0,-80.0)
(0,-2):(-10.0,-80.0)
(-1,-2):(-55.0,-80.0)
(-2,-2):(-90.0,-80.0)
(-3,-2):(-135.0,-80.0)
(-4,-2):(-170.0,-80.0)
(-3,-3):(-135.0,-125.0)
(-2,-3):(-90.0,-125.0)
(-1,-3):(-55.0,-125.0)
(0,-3):(-20.0,-125.0)
(1,-3):(25.0,-125.0)
(2,-3):(60.0,-125.0)
(3,-3):(95.0,-125.0)
(2,-4):(60.0,-160.0)
(1,-4):(15.0,-160.0)
(0,-4):(-20.0,-160.0)
(-1,-4):(-65.0,-160.0)
(-2,-4):(-100.0,-160.0)
(3,0):(105.0,0.0)
(2,0):(70.0,0.0)
(1,0):(25.0,0.0)
(1,1):(25.0,35.0)
(0,1):(-10.0,35.0)
(-1,1):(-55.0,35.0)
(-2,1):(-90.0,35.0)
(-3,1):(-135.0,35.0)
(-4,1):(-170.0,35.0)
(-3,2):(-135.0,70.0)
(-2,2):(-90.0,70.0)
(-1,2):(-55.0,70.0)
(0,2):(-20.0,70.0)
(1,2):(25.0,70.0)
(2,2):(60.0,70.0)
(3,2):(95.0,70.0)
(3,1):(95.0,35.0)
(2,1):(60.0,35.0)
(4,1):(140.0,35.0)
(4,0):(140.0,-10.0)
(3,3):(95.0,115.0)
(2,3):(60.0,115.0)
(1,3):(15.0,115.0)
(0,3):(-20.0,115.0)
(-1,3):(-65.0,115.0)
(-2,3):(-100.0,115.0)
